[{"id": 0, "img_name": "frame_00001", "width": 1280, "height": 720, "position": [-0.569084234217437, -1.0425548977072092, 3.775170000288382], "rotation": [[-0.9793688789121026, 0.015602382538860739, 0.20147745451429996], [0.09562584462759535, 0.914103834403298, 0.3940429897466097], [-0.1780233042545547, 0.4051798928726582, -0.8967368385172938]], "fy": 1058.0510740077812, "fx": 1060.0028132821012}, {"id": 1, "img_name": "frame_00002", "width": 1280, "height": 720, "position": [-0.5739308276373433, -1.0406026702776943, 3.7743925633938535], "rotation": [[-0.9780000962815845, 0.013349532923265947, 0.20817685184464266], [0.09589543633865406, 0.9150250588708311, 0.3918331365873125], [-0.18525624675738955, 0.40317605535195533, -0.8961747549603293]], "fy": 1058.0510740077812, "fx": 1060.0028132821012}, {"id": 2, "img_name": "frame_00003", "width": 1280, "height": 720, "position": [-0.5837014791654861, -1.037981397021379, 3.7749135691412734], "rotation": [[-0.976160360060836, 0.011030198458660599, 0.2167701228672013], [0.09668585706108186, 0.916246062226855, 0.3887737111716097], [-0.19432652029577188, 0.4004640909941174, -0.8954695501992191]], "fy": 1058.0510740077812, "fx": 1060.0028132821012}, {"id": 3, "img_name": "frame_00004", "width": 1280, "height": 720, "position": [-0.5932359097820964, -1.0359389465622615, 3.776394332485276], "rotation": [[-0.9744785560711671, 0.009373404023055268, 0.22428482573386385], [0.09777548432144609, 0.9170962786781061, 0.38648980620512624], [-0.20206805394014105, 0.3985555857490772, -0.8946071465425761]], "fy": 1058.0510740077812, "fx": 1060.0028132821012}, {"id": 4, "img_name": "frame_00005", "width": 1280, "height": 720, "position": [-0.6099121251438315, -1.0311142329567355, 3.77448477173107], "rotation": [[-0.9713144923616117, 0.006956056188989929, 0.23769680311397012], [0.10026284301887407, 0.9183599178877785, 0.38283472090045023], [-0.21562819676025322, 0.395685069846524, -0.892713731418126]], "fy": 1058.0510740077812, "fx": 1060.0028132821012}, {"id": 5, "img_name": "frame_00006", "width": 1280, "height": 720, "position": [-0.6262039864924777, -1.026820782638585, 3.7692276899378436], "rotation": [[-0.968585622351796, 0.0056315967676332955, 0.24861652658507694], [0.10288236867405619, 0.9192483116177826, 0.379997052362083], [-0.22640033213181704, 0.39363793860056573, -0.8909500900190189]], "fy": 1058.0510740077812, "fx": 1060.0028132821012}, {"id": 6, "img_name": "frame_00007", "width": 1280, "height": 720, "position": [-0.6405672173983313, -1.0230590678990412, 3.7682813595616924], "rotation": [[-0.9665782131695295, 0.004631473245896126, 0.25633007486748777], [0.10482033143901696, 0.9195873793721298, 0.378644622062051], [-0.23396421936487205, 0.3928582456243872, -0.8893385985674491]], "fy": 1058.0510740077812, "fx": 1060.0028132821012}, {"id": 7, "img_name": "frame_00008", "width": 1280, "height": 720, "position": [-0.6627422729205963, -1.0147780561912327, 3.764964293682114], "rotation": [[-0.9639338018072634, 0.003684172633258305, 0.26611661467372033], [0.10779141707697378, 0.9196270117045441, 0.37771307860320136], [-0.24333646692990937, 0.39277549085371743, -0.8868566838259088]], "fy": 1058.0510740077812, "fx": 1060.0028132821012}, {"id": 8, "img_name": "frame_00009", "width": 1280, "height": 720, "position": [-0.6793258597133567, -1.0051666315995467, 3.760673922367188], "rotation": [[-0.9620812589552132, 0.0031238369287447483, 0.27274510593225726], [0.1100635554275871, 0.9193597103423029, 0.3777085341449884], [-0.2495709617198965, 0.393405598132716, -0.8848425681577767]], "fy": 1058.0510740077812, "fx": 1060.0028132821012}, {"id": 9, "img_name": "frame_00010", "width": 1280, "height": 720, "position": [-0.7108742918896427, -0.9895321730759309, 3.7464455365008065], "rotation": [[-0.9586359456069184, 0.002468965959536161, 0.28462436297236904], [0.11513532396885165, 0.9178664829794131, 0.3798222960775087], [-0.260309394692016, 0.39688162420310386, -0.8801840690474857]], "fy": 1058.0510740077812, "fx": 1060.0028132821012}, {"id": 10, "img_name": "frame_00011", "width": 1280, "height": 720, "position": [-0.7246656612842942, -0.9828758387238639, 3.733623824609814], "rotation": [[-0.9573428448819247, 0.0022999062865964523, 0.28894530240939037], [0.1174018635030434, 0.9168072542911538, 0.38168214645844833], [-0.2640293161741588, 0.39932338888448354, -0.877968878315408]], "fy": 1058.0510740077812, "fx": 1060.0028132821012}, {"id": 11, "img_name": "frame_00012", "width": 1280, "height": 720, "position": [-0.7513140581493328, -0.97333362328036, 3.7159956856560292], "rotation": [[-0.9554192435257844, 0.002452252635286751, 0.2952423674841242], [0.12140570714804887, 0.9147799352468909, 0.3852769449909717], [-0.26913699740559655, 0.4039451157356736, -0.8742960711914434]], "fy": 1058.0510740077812, "fx": 1060.0028132821012}, {"id": 12, "img_name": "frame_00013", "width": 1280, "height": 720, "position": [-0.7672829105636092, -0.9689997740230126, 3.702225509551074], "rotation": [[-0.9542769390391715, 0.0026490674193119803, 0.2989122046016875], [0.1238461563405195, 0.9136053578930337, 0.38728204139725064], [-0.2720618554257704, 0.40659344863259916, -0.8721606012377199]], "fy": 1058.0510740077812, "fx": 1060.0028132821012}, {"id": 13, "img_name": "frame_00014", "width": 1280, "height": 720, "position": [-0.7912156550709282, -0.9585508970612406, 3.6779192905791005], "rotation": [[-0.9525867639903258, 0.002568825246263322, 0.304256237745908], [0.12688716295360988, 0.912216221284304, 0.3895654162055068], [-0.2765467500225313, 0.4097010700042653, -0.8692910492403201]], "fy": 1058.0510740077812, "fx": 1060.0028132821012}, {"id": 14, "img_name": "frame_00015", "width": 1280, "height": 720, "position": [-0.8201309783957794, -0.9436354090571455, 3.646221587435632], "rotation": [[-0.9500973140193247, 0.0015861191056605968, 0.31194964035793826], [0.1300856731800504, 0.9109077133520168, 0.39156717864128154], [-0.283536261396241, 0.4126071036494438, -0.8656573031468395]], "fy": 1058.0510740077812, "fx": 1060.0028132821012}, {"id": 15, "img_name": "frame_00016", "width": 1280, "height": 720, "position": [-0.8617762997186005, -0.9293024441550592, 3.5904991531728765], "rotation": [[-0.9465828023711395, -0.0006553220921910119, 0.322460181740551], [0.13344562380044486, 0.9095538782978243, 0.39357846480961883], [-0.2935528295617397, 0.41558550627559393, -0.8608806091613098]], "fy": 1058.0510740077812, "fx": 1060.0028132821012}, {"id": 16, "img_name": "frame_00017", "width": 1280, "height": 720, "position": [-0.9017329709047569, -0.9234955579565595, 3.5508086733049438], "rotation": [[-0.9431186386320364, -0.0026004636909927638, 0.3324461927191308], [0.1363350909040662, 0.9089945717286751, 0.3938801994972361], [-0.30321605573094834, 0.4167998394390218, -0.8569351885589548]], "fy": 1058.0510740077812, "fx": 1060.0028132821012}, {"id": 17, "img_name": "frame_00018", "width": 1280, "height": 720, "position": [-0.9449709217015149, -0.918268998428796, 3.5203039692764366], "rotation": [[-0.9382849205886571, -0.0048064761972092555, 0.34582987953979233], [0.14017064782879532, 0.9088208069571881, 0.3929337480147784], [-0.3161860169001744, 0.41715900880629586, -0.8520591318028081]], "fy": 1058.0510740077812, "fx": 1060.0028132821012}, {"id": 18, "img_name": "frame_00019", "width": 1280, "height": 720, "position": [-0.9945779221319243, -0.9087526448289027, 3.4984346603804215], "rotation": [[-0.931805959055909, -0.007413119706782799, 0.36288111045369886], [0.1449247709791668, 0.9090346965555691, 0.3907079871397057], [-0.3327678852060889, 0.41665449249268555, -0.8459696025633124]], "fy": 1058.0510740077812, "fx": 1060.0028132821012}, {"id": 19, "img_name": "frame_00020", "width": 1280, "height": 720, "position": [-1.0464369928606838, -0.8927742332902119, 3.4663695903733682], "rotation": [[-0.9243299472970286, -0.010490670401038087, 0.38144998933596536], [0.14983575470365626, 0.9093592826850573, 0.3880914088290332], [-0.35094642773827606, 0.41587935850322616, -0.8389761403214555]], "fy": 1058.0510740077812, "fx": 1060.0028132821012}, {"id": 20, "img_name": "frame_00021", "width": 1280, "height": 720, "position": [-1.0970456297104176, -0.8813314772237701, 3.44880903561655], "rotation": [[-0.9180762806708571, -0.013109879459831542, 0.39618691791894495], [0.153273194793575, 0.9099781563171945, 0.38528831124669516], [-0.3655725244425994, 0.41444889442017835, -0.8334199681352467]], "fy": 1058.0510740077812, "fx": 1060.0028132821012}, {"id": 21, "img_name": "frame_00022", "width": 1280, "height": 720, "position": [-1.176033090675728, -0.8699117568805911, 3.4215873839629753], "rotation": [[-0.9100899565380437, -0.016821238908323925, 0.414069217559295], [0.1570770669874342, 0.9106167156494106, 0.38223551928948896], [-0.38348802593458226, 0.4129094853614643, -0.8261008962973737]], "fy": 1058.0510740077812, "fx": 1060.0028132821012}, {"id": 22, "img_name": "frame_00023", "width": 1280, "height": 720, "position": [-1.2526097187443095, -0.8653001005619203, 3.3914961747316372], "rotation": [[-0.9032663808101482, -0.019977673551341012, 0.4286149062475688], [0.16032163535420302, 0.9108541717367467, 0.38031782901557387], [-0.3980035408579805, 0.4122445516792687, -0.8195410978561528]], "fy": 1058.0510740077812, "fx": 1060.0028132821012}, {"id": 23, "img_name": "frame_00024", "width": 1280, "height": 720, "position": [-1.323493232060077, -0.8576770786247577, 3.370005960952762], "rotation": [[-0.8982579174259044, -0.022586288480328908, 0.4388878824419246], [0.16203187451065154, 0.9112989670139215, 0.37852326792672053], [-0.4085075096301631, 0.41112534863717987, -0.8149218136015969]], "fy": 1058.0510740077812, "fx": 1060.0028132821012}, {"id": 24, "img_name": "frame_00025", "width": 1280, "height": 720, "position": [-1.3938034021114156, -0.843512105299015, 3.3310079667677157], "rotation": [[-0.8942630510901064, -0.025483155115878064, 0.4468156266966845], [0.16216428985340822, 0.9120816340265586, 0.3765764676234859], [-0.4171286834435517, 0.4092159597043872, -0.8115084471352493]], "fy": 1058.0510740077812, "fx": 1060.0028132821012}, {"id": 25, "img_name": "frame_00026", "width": 1280, "height": 720, "position": [-1.446058323772762, -0.8264386771829596, 3.296314013258774], "rotation": [[-0.8919063931462519, -0.02792526412980321, 0.4513570266298318], [0.1609011031669266, 0.91318116621652, 0.374447583337244], [-0.4226272836253097, 0.40659603698353597, -0.8099789144445513]], "fy": 1058.0510740077812, "fx": 1060.0028132821012}, {"id": 26, "img_name": "frame_00027", "width": 1280, "height": 720, "position": [-1.4822982312982604, -0.8114501641038904, 3.2649549843437553], "rotation": [[-0.8899466059630964, -0.029668803461719635, 0.45509867131854903], [0.15987472540574743, 0.9142640900421589, 0.37223815741514177], [-0.4271242333457512, 0.404030859911137, -0.8089029320803982]], "fy": 1058.0510740077812, "fx": 1060.0028132821012}, {"id": 27, "img_name": "frame_00028", "width": 1280, "height": 720, "position": [-1.5276832679761003, -0.7914227094233378, 3.216787434022823], "rotation": [[-0.886792615243642, -0.03181662757943046, 0.461071100546116], [0.1588444551445836, 0.9158714787519645, 0.36871109757981235], [-0.4340130143430668, 0.4002088662413183, -0.8071341689971231]], "fy": 1058.0510740077812, "fx": 1060.0028132821012}, {"id": 28, "img_name": "frame_00029", "width": 1280, "height": 720, "position": [-1.5757767974032544, -0.7781828071526717, 3.1638097796948577], "rotation": [[-0.8825086301430267, -0.03397891213224052, 0.46906710740935936], [0.15858130817023391, 0.9174746503387042, 0.3648180843720464], [-0.44275330198891943, 0.39634038340318245, -0.8042908765252299]], "fy": 1058.0510740077812, "fx": 1060.0028132821012}, {"id": 29, "img_name": "frame_00030", "width": 1280, "height": 720, "position": [-1.629204620106466, -0.7664578838962887, 3.111569408605571], "rotation": [[-0.8775693624164642, -0.03659318350114473, 0.47805120339688423], [0.15869391547870987, 0.918711673449857, 0.3616422296372467], [-0.4524248615383484, 0.39322995815198836, -0.8004261019443265]], "fy": 1058.0510740077812, "fx": 1060.0028132821012}, {"id": 30, "img_name": "frame_00031", "width": 1280, "height": 720, "position": [-1.6968942891259708, -0.7519756653717758, 3.0535075956856548], "rotation": [[-0.8701999136261109, -0.03966526619226064, 0.49109955913542097], [0.15975362127698306, 0.9201884322485817, 0.3573961802325081], [-0.46608034802381226, 0.38946105814804416, -0.7944112243493333]], "fy": 1058.0510740077812, "fx": 1060.0028132821012}, {"id": 31, "img_name": "frame_00032", "width": 1280, "height": 720, "position": [-1.7352254773964049, -0.7395881990488575, 3.0168032430371823], "rotation": [[-0.8644612455053541, -0.04157966170202312, 0.5009769323552461], [0.16149505326420954, 0.9207771475880369, 0.3550898368734717], [-0.4760526260724939, 0.38786669902478593, -0.7892612501555452]], "fy": 1058.0510740077812, "fx": 1060.0028132821012}, {"id": 32, "img_name": "frame_00033", "width": 1280, "height": 720, "position": [-1.8088029205491607, -0.7125348722505848, 2.966581347456343], "rotation": [[-0.8532002500320681, -0.045257477606371936, 0.5196162950350227], [0.16530764406660367, 0.9214072222927707, 0.35168467910881407], [-0.4946945685555523, 0.385954001698945, -0.7786634654420388]], "fy": 1058.0510740077812, "fx": 1060.0028132821012}, {"id": 33, "img_name": "frame_00034", "width": 1280, "height": 720, "position": [-1.8609623512745226, -0.689468855817857, 2.9373843217356423], "rotation": [[-0.8460591554491713, -0.04784733649745502, 0.5309374142690797], [0.16728528729415124, 0.9218260528282356, 0.3496460510030513], [-0.5061615731518448, 0.3846392604989959, -0.7719152162946635]], "fy": 1058.0510740077812, "fx": 1060.0028132821012}, {"id": 34, "img_name": "frame_00035", "width": 1280, "height": 720, "position": [-1.9599679685369873, -0.653335030859712, 2.886955050564666], "rotation": [[-0.8338786243610621, -0.053035560212184356, 0.5493939107659301], [0.16957801987832402, 0.9226126611927796, 0.3464522659486065], [-0.5252520680662284, 0.3820642704568918, -0.7603533114496137]], "fy": 1058.0510740077812, "fx": 1060.0028132821012}, {"id": 35, "img_name": "frame_00036", "width": 1280, "height": 720, "position": [-2.017551839226907, -0.6434215302413595, 2.8536252278191205], "rotation": [[-0.8264402230051688, -0.05633905828816572, 0.5601985972049273], [0.17078091856820957, 0.9230191490999262, 0.3447746049926627], [-0.5364983090860252, 0.3806068324479354, -0.7531985152944632]], "fy": 1058.0510740077812, "fx": 1060.0028132821012}, {"id": 36, "img_name": "frame_00037", "width": 1280, "height": 720, "position": [-2.0949342554331896, -0.6341798380603154, 2.801986971406175], "rotation": [[-0.8148236602067718, -0.06102057783885634, 0.5764884143219638], [0.17273058176550757, 0.9237192833243997, 0.3419164104537934], [-0.5533774018607819, 0.3781787602376285, -0.7421282075321903]], "fy": 1058.0510740077812, "fx": 1060.0028132821012}, {"id": 37, "img_name": "frame_00038", "width": 1280, "height": 720, "position": [-2.1495527527213314, -0.6181103819181719, 2.766134997442492], "rotation": [[-0.8054778791331438, -0.0650140239230191, 0.5890488629311739], [0.17369342845146893, 0.9244147452567828, 0.3395408247392526], [-0.5666003698727581, 0.3758065399180469, -0.733303119736224]], "fy": 1058.0510740077812, "fx": 1060.0028132821012}, {"id": 38, "img_name": "frame_00039", "width": 1280, "height": 720, "position": [-2.1836597675966667, -0.6017489710483532, 2.734611721983097], "rotation": [[-0.7985618130808415, -0.0683670818867623, 0.5980175355316317], [0.17368290795537672, 0.9250956037832353, 0.3376867947449163], [-0.5763100538540014, 0.3735292036444003, -0.72687182903974]], "fy": 1058.0510740077812, "fx": 1060.0028132821012}, {"id": 39, "img_name": "frame_00040", "width": 1280, "height": 720, "position": [-2.2212902136305486, -0.5760407238248056, 2.685979124914783], "rotation": [[-0.7892891075564169, -0.07278470549394939, 0.6096926203743592], [0.1731270478058443, 0.9262830491514215, 0.3347039560160267], [-0.5891092683117678, 0.3697324701739144, -0.7185041200217767]], "fy": 1058.0510740077812, "fx": 1060.0028132821012}, {"id": 40, "img_name": "frame_00041", "width": 1280, "height": 720, "position": [-2.271717962723617, -0.5394662016386622, 2.6217707167469366], "rotation": [[-0.7767177488102941, -0.07814735248555602, 0.6249820237275351], [0.17241346602791507, 0.9279924674249094, 0.33030830618509927], [-0.6057913299274824, 0.3643116409094371, -0.7073145643082459]], "fy": 1058.0510740077812, "fx": 1060.0028132821012}, {"id": 41, "img_name": "frame_00042", "width": 1280, "height": 720, "position": [-2.304446129757278, -0.5225686803965691, 2.573022539154172], "rotation": [[-0.7690481121744022, -0.08124698636197153, 0.6340062526253842], [0.1719994695243681, 0.9289988389202386, 0.32768481772609565], [-0.6156144764739706, 0.36105412958716615, -0.7004703647291083]], "fy": 1058.0510740077812, "fx": 1060.0028132821012}, {"id": 42, "img_name": "frame_00043", "width": 1280, "height": 720, "position": [-2.3550109303282754, -0.5107219154267678, 2.512302232447762], "rotation": [[-0.7578837521131785, -0.08481466522660573, 0.6468529128367194], [0.17226029433251125, 0.9303084638464464, 0.32380943947349927], [-0.6292365288818873, 0.3568369861129364, -0.6904554700069436]], "fy": 1058.0510740077812, "fx": 1060.0028132821012}, {"id": 43, "img_name": "frame_00044", "width": 1280, "height": 720, "position": [-2.4091332342110983, -0.49659314854025166, 2.455528481284388], "rotation": [[-0.7441904934628323, -0.08816033023695566, 0.6621240560590286], [0.17425292135267498, 0.9313059180088137, 0.3198518508338187], [-0.6448382966601837, 0.35340775777318734, -0.6777068155966294]], "fy": 1058.0510740077812, "fx": 1060.0028132821012}, {"id": 44, "img_name": "frame_00045", "width": 1280, "height": 720, "position": [-2.461047841236094, -0.4747722643676521, 2.4012556469998287], "rotation": [[-0.7297096906633737, -0.0914578241477053, 0.6776128937336816], [0.1765352453126004, 0.9322145462434617, 0.3159293385149862], [-0.6605748061456677, 0.35015925830151085, -0.6641004587495422]], "fy": 1058.0510740077812, "fx": 1060.0028132821012}, {"id": 45, "img_name": "frame_00046", "width": 1280, "height": 720, "position": [-2.519271429866424, -0.44532063970089397, 2.349145994974645], "rotation": [[-0.714047849887655, -0.09495549695652819, 0.6936275093078071], [0.1790006388819887, 0.9330659622440495, 0.3120042970560277], [-0.6768267424907595, 0.34694576478078654, -0.6492566495231438]], "fy": 1058.0510740077812, "fx": 1060.0028132821012}, {"id": 46, "img_name": "frame_00047", "width": 1280, "height": 720, "position": [-2.5914941821288138, -0.41225766951007303, 2.298946429000293], "rotation": [[-0.6971579640195562, -0.09905238250732609, 0.7100418288549807], [0.18125256116490768, 0.9338812954404991, 0.30824216956402395], [-0.6936269042325743, 0.3435903833724067, -0.633109284546305]], "fy": 1058.0510740077812, "fx": 1060.0028132821012}, {"id": 47, "img_name": "frame_00048", "width": 1280, "height": 720, "position": [-2.6581219533460074, -0.39209111495036436, 2.237827966375127], "rotation": [[-0.6799490183078698, -0.1037088064230506, 0.7258882944175847], [0.1833427321375344, 0.9344569515503373, 0.3052468644746332], [-0.7099681507465727, 0.3406386489662571, -0.6163688309412917]], "fy": 1058.0510740077812, "fx": 1060.0028132821012}, {"id": 48, "img_name": "frame_00049", "width": 1280, "height": 720, "position": [-2.717383328987342, -0.38018905288842675, 2.185733503693297], "rotation": [[-0.6620623489203191, -0.10815653004311963, 0.7416034055687312], [0.18637262909760285, 0.9346862911157943, 0.3026991581148651], [-0.7259054272185569, 0.33862029208131117, -0.5986631845415339]], "fy": 1058.0510740077812, "fx": 1060.0028132821012}, {"id": 49, "img_name": "frame_00050", "width": 1280, "height": 720, "position": [-2.77791175273308, -0.3574609193869953, 2.1175882410049462], "rotation": [[-0.6390104956765176, -0.11431710636039734, 0.7606557602546874], [0.19026534903491366, 0.9346734365380209, 0.3003076155991197], [-0.7452950310929716, 0.3366261520197023, -0.5755155518355124]], "fy": 1058.0510740077812, "fx": 1060.0028132821012}, {"id": 50, "img_name": "frame_00051", "width": 1280, "height": 720, "position": [-2.810601450352181, -0.3320791084043274, 2.0578906603891896], "rotation": [[-0.6216714936464346, -0.11927925948372145, 0.7741427596021452], [0.19256840155340935, 0.9347286490301682, 0.29866329437244465], [-0.7592377524271134, 0.33474589010061295, -0.558124739059444]], "fy": 1058.0510740077812, "fx": 1060.0028132821012}, {"id": 51, "img_name": "frame_00052", "width": 1280, "height": 720, "position": [-2.8349954046863077, -0.3098276520514151, 2.012708076404834], "rotation": [[-0.6084221588334351, -0.12336247374238393, 0.7839669487373966], [0.1938340032275647, 0.9348277138221042, 0.2975323926279537], [-0.769578362373346, 0.33298475271744504, -0.5448580536474278]], "fy": 1058.0510740077812, "fx": 1060.0028132821012}, {"id": 52, "img_name": "frame_00053", "width": 1280, "height": 720, "position": [-2.8667474842317398, -0.28073696388780733, 1.945315835283981], "rotation": [[-0.5910516947657583, -0.12845019695706392, 0.7963406563878421], [0.19526767055792935, 0.9350916276607891, 0.29576035013770213], [-0.7826419557814465, 0.33030924113682875, -0.5276053205476678]], "fy": 1058.0510740077812, "fx": 1060.0028132821012}, {"id": 53, "img_name": "frame_00054", "width": 1280, "height": 720, "position": [-2.893550140189876, -0.272542996061192, 1.8923534425790947], "rotation": [[-0.5775193594268074, -0.13261147731274833, 0.8055343478537593], [0.19642084577958263, 0.9351617760140605, 0.29477330955407277], [-0.7923952554315835, 0.32846103081972794, -0.5140263713102261]], "fy": 1058.0510740077812, "fx": 1060.0028132821012}, {"id": 54, "img_name": "frame_00055", "width": 1280, "height": 720, "position": [-2.9305349588550387, -0.265294055005573, 1.8122567325775272], "rotation": [[-0.5557325791015493, -0.13811922850177882, 0.8198075257297965], [0.19876361617932758, 0.9354313535144206, 0.29233748946294186], [-0.8072510919215001, 0.3254093753723947, -0.4923966013401097]], "fy": 1058.0510740077812, "fx": 1060.0028132821012}, {"id": 55, "img_name": "frame_00056", "width": 1280, "height": 720, "position": [-2.9621257467862567, -0.2526603200991093, 1.7510790741523692], "rotation": [[-0.5372230243891433, -0.14249879088720568, 0.8313155337547012], [0.20100407912035095, 0.9355966395383057, 0.2902693374464644], [-0.8191390493946429, 0.32303718467122966, -0.4739812180630414]], "fy": 1058.0510740077812, "fx": 1060.0028132821012}, {"id": 56, "img_name": "frame_00057", "width": 1280, "height": 720, "position": [-2.993041949241286, -0.2357390256032902, 1.6916682318277996], "rotation": [[-0.51941968133422, -0.14556233157718607, 0.8420301670774467], [0.20377818497174188, 0.935855933517681, 0.28748586579060265], [-0.8298660409802789, 0.32091319593554135, -0.45643956303343913]], "fy": 1058.0510740077812, "fx": 1060.0028132821012}, {"id": 57, "img_name": "frame_00058", "width": 1280, "height": 720, "position": [-3.0453027756924707, -0.20697141435339944, 1.6099926260580524], "rotation": [[-0.4961069555183967, -0.14921731997531532, 0.8553432527971744], [0.2068491892806409, 0.9364462687561504, 0.28334042886009964], [-0.8432622970228234, 0.3174942159348229, -0.433712025735652]], "fy": 1058.0510740077812, "fx": 1060.0028132821012}, {"id": 58, "img_name": "frame_00059", "width": 1280, "height": 720, "position": [-3.084734204616652, -0.19126380186519013, 1.5549759101836154], "rotation": [[-0.4825529289281579, -0.15099262465469732, 0.8627536717295055], [0.2082011906456689, 0.937019403549602, 0.2804405491102777], [-0.8507613854639755, 0.31495375005139076, -0.4207246134135535]], "fy": 1058.0510740077812, "fx": 1060.0028132821012}, {"id": 59, "img_name": "frame_00060", "width": 1280, "height": 720, "position": [-3.148271249872875, -0.17819331765667834, 1.4579672641573096], "rotation": [[-0.4611046561257226, -0.15363434443626794, 0.8739444972701761], [0.21014593500848222, 0.9379722281087558, 0.2757658160398183], [-0.8621027677131037, 0.31081278530062806, -0.4002177287365912]], "fy": 1058.0510740077812, "fx": 1060.0028132821012}, {"id": 60, "img_name": "frame_00061", "width": 1280, "height": 720, "position": [-3.191305106544586, -0.16248530713620524, 1.3877810832755855], "rotation": [[-0.4449582240493539, -0.15523681915577842, 0.8819941659836773], [0.2116465689152303, 0.93873487124972, 0.27199737382221584], [-0.8701826869785778, 0.3076985074357166, -0.38484246102083985]], "fy": 1058.0510740077812, "fx": 1060.0028132821012}, {"id": 61, "img_name": "frame_00062", "width": 1280, "height": 720, "position": [-3.2242264233676963, -0.14475132158799237, 1.3199302556035983], "rotation": [[-0.42936652525070784, -0.15688357704832862, 0.889399758402629], [0.2129563680475601, 0.9394403237707931, 0.26851715658672465], [-0.8776639290196023, 0.30469562078564344, -0.36995487072334365]], "fy": 1058.0510740077812, "fx": 1060.0028132821012}, {"id": 62, "img_name": "frame_00063", "width": 1280, "height": 720, "position": [-3.2386095813768625, -0.12125255988037896, 1.2501700268609546], "rotation": [[-0.41558945695326316, -0.1582916339499564, 0.895672463510377], [0.21366238508111512, 0.9401941334998518, 0.26529865535639696], [-0.884100553370907, 0.30162683891510056, -0.3569138013237128]], "fy": 1058.0510740077812, "fx": 1060.0028132821012}, {"id": 63, "img_name": "frame_00064", "width": 1280, "height": 720, "position": [-3.2487972652267763, -0.10185290731879086, 1.199381041748437], "rotation": [[-0.40491902010972947, -0.15938798239223884, 0.9003532963355565], [0.21368605804369054, 0.9409259031027067, 0.2626722548502297], [-0.8890325391970305, 0.2987539387845571, -0.3469398050232755]], "fy": 1058.0510740077812, "fx": 1060.0028132821012}, {"id": 64, "img_name": "frame_00065", "width": 1280, "height": 720, "position": [-3.255483672788475, -0.07626388364725968, 1.1310780354437608], "rotation": [[-0.39039374452275816, -0.16075897954981114, 0.9065038746368368], [0.21359357943041368, 0.9419555528151963, 0.25903188866763366], [-0.895528060455728, 0.2947478363189817, -0.3333964695699042]], "fy": 1058.0510740077812, "fx": 1060.0028132821012}, {"id": 65, "img_name": "frame_00066", "width": 1280, "height": 720, "position": [-3.266006942241313, -0.05357425505339462, 1.0387003598668305], "rotation": [[-0.37053415607706475, -0.16266403824378142, 0.9144642419703909], [0.21366575993437603, 0.9432132082179229, 0.2543536649527954], [-0.9039089457527906, 0.28963641778180943, -0.3147369747624168]], "fy": 1058.0510740077812, "fx": 1060.0028132821012}, {"id": 66, "img_name": "frame_00067", "width": 1280, "height": 720, "position": [-3.272170296879526, -0.04477856160606716, 0.9834301646354603], "rotation": [[-0.3588940966739861, -0.16401897647173422, 0.9188540704212651], [0.21369306565638224, 0.9438526192703667, 0.25194742861725195], [-0.9085869804608362, 0.2867751880020879, -0.30369341527834703]], "fy": 1058.0510740077812, "fx": 1060.0028132821012}, {"id": 67, "img_name": "frame_00068", "width": 1280, "height": 720, "position": [-3.2921532080437896, -0.031366575215179375, 0.9170359951006976], "rotation": [[-0.34138057552892986, -0.16566909892216578, 0.9252097342299499], [0.21402062865919372, 0.9447858130044611, 0.24814297905405885], [-0.9152346546978325, 0.28272516196443714, -0.28707491989430683]], "fy": 1058.0510740077812, "fx": 1060.0028132821012}, {"id": 68, "img_name": "frame_00069", "width": 1280, "height": 720, "position": [-3.305891851432469, -0.011065054686265416, 0.8486352732467007], "rotation": [[-0.32184928606247015, -0.1674901009695147, 0.9318584136757574], [0.21508661638795493, 0.9455603492868118, 0.24424040064531355], [-0.9220362164860219, 0.2790388717254718, -0.26830304425093027]], "fy": 1058.0510740077812, "fx": 1060.0028132821012}, {"id": 69, "img_name": "frame_00070", "width": 1280, "height": 720, "position": [-3.3307144265583455, 0.01974531075586073, 0.7602120231461038], "rotation": [[-0.2903932065664792, -0.17046724123796048, 0.9416011391479719], [0.217085823830138, 0.9466124634931837, 0.23832454563337863], [-0.9319579017702624, 0.2736160880213096, -0.23788380714938642]], "fy": 1058.0510740077812, "fx": 1060.0028132821012}, {"id": 70, "img_name": "frame_00071", "width": 1280, "height": 720, "position": [-3.3554615095297606, 0.0417406999920141, 0.7046008780728634], "rotation": [[-0.27067156403862447, -0.1719337460335198, 0.9471935870748726], [0.21772237748815576, 0.9474940588741592, 0.23420498444541304], [-0.9377280366725678, 0.2696178691649577, -0.21902587487591052]], "fy": 1058.0510740077812, "fx": 1060.0028132821012}, {"id": 71, "img_name": "frame_00072", "width": 1280, "height": 720, "position": [-3.4012265312337266, 0.0658018938490484, 0.6081462569640497], "rotation": [[-0.23756893528448741, -0.17510047097959583, 0.9554584376363614], [0.21775937619962674, 0.948983771381659, 0.2280584480596862], [-0.9466476932127086, 0.26223963605253664, -0.1873192948366204]], "fy": 1058.0510740077812, "fx": 1060.0028132821012}, {"id": 72, "img_name": "frame_00073", "width": 1280, "height": 720, "position": [-3.41809149081452, 0.07978754528757762, 0.532802041731266], "rotation": [[-0.21228243529880111, -0.17690398362138376, 0.9610625100598272], [0.21784274311545515, 0.950162451502629, 0.2230153694848137], [-0.9526178178763738, 0.2567027392401556, -0.16316555007432335]], "fy": 1058.0510740077812, "fx": 1060.0028132821012}, {"id": 73, "img_name": "frame_00074", "width": 1280, "height": 720, "position": [-3.4336790560073758, 0.08948948670561976, 0.48039783820873266], "rotation": [[-0.1927730051706095, -0.178057530465401, 0.9649528922813052], [0.2179469549010192, 0.9510640447975064, 0.2190349459396372], [-0.9567328223317451, 0.2525325692618073, -0.14453237746320094]], "fy": 1058.0510740077812, "fx": 1060.0028132821012}, {"id": 74, "img_name": "frame_00075", "width": 1280, "height": 720, "position": [-3.444434638148819, 0.1072494992928727, 0.41386327271574874], "rotation": [[-0.1670757759093314, -0.179472879842862, 0.9694715934493415], [0.21777840924064001, 0.9522879171669293, 0.2138230279611812], [-0.9615915190832913, 0.24685462972928288, -0.12001892437573086]], "fy": 1058.0510740077812, "fx": 1060.0028132821012}, {"id": 75, "img_name": "frame_00076", "width": 1280, "height": 720, "position": [-3.4509766374005713, 0.1353658424195816, 0.33664018422426467], "rotation": [[-0.1348339858039039, -0.1808267949932424, 0.9742286520548996], [0.2166121663984185, 0.9540467885323117, 0.20706012329602813], [-0.9669017352556664, 0.23894852061407373, -0.08946864733485704]], "fy": 1058.0510740077812, "fx": 1060.0028132821012}, {"id": 76, "img_name": "frame_00077", "width": 1280, "height": 720, "position": [-3.4435855222442053, 0.15366926972543896, 0.2878190373172449], "rotation": [[-0.11597059419876482, -0.18115983691121754, 0.9765920001574279], [0.21534411807329237, 0.9552537499338002, 0.2027737262286428], [-0.9696276254791941, 0.23381913250996744, -0.07176963968047348]], "fy": 1058.0510740077812, "fx": 1060.0028132821012}, {"id": 77, "img_name": "frame_00078", "width": 1280, "height": 720, "position": [-3.4298389277333907, 0.17562759368129618, 0.214801674270012], "rotation": [[-0.0906602564740491, -0.181390189367989, 0.9792233234033513], [0.21335135076825923, 0.9569057713448607, 0.1970089995209777], [-0.9727599493304699, 0.22677950517615666, -0.04805348073385205]], "fy": 1058.0510740077812, "fx": 1060.0028132821012}, {"id": 78, "img_name": "frame_00079", "width": 1280, "height": 720, "position": [-3.4238873962723932, 0.19122698230521495, 0.11932099444303762], "rotation": [[-0.05778132279014999, -0.18129897538377893, 0.9817290869997743], [0.21107133222785532, 0.9589237207505985, 0.18951039679496828], [-0.9757613496384128, 0.21816502768917834, -0.017140864774022522]], "fy": 1058.0510740077812, "fx": 1060.0028132821012}, {"id": 79, "img_name": "frame_00080", "width": 1280, "height": 720, "position": [-3.4221507183806144, 0.19987927733600686, 0.04597804645739457], "rotation": [[-0.03145280243793171, -0.18088814657379507, 0.9830006101971136], [0.20953434701752235, 0.9604398736618635, 0.1834410164067028], [-0.9772952873306722, 0.21174212502353165, 0.007693754075751323]], "fy": 1058.0510740077812, "fx": 1060.0028132821012}, {"id": 80, "img_name": "frame_00081", "width": 1280, "height": 720, "position": [-3.4194855548396323, 0.21463791423895554, -0.0233368496396254], "rotation": [[-0.004600854180855606, -0.18035425258454052, 0.9835909595535512], [0.2081472772723895, 0.9618848546765256, 0.177347786307047], [-0.9780866746382423, 0.2055477314849054, 0.03311475466482888]], "fy": 1058.0510740077812, "fx": 1060.0028132821012}, {"id": 81, "img_name": "frame_00082", "width": 1280, "height": 720, "position": [-3.4242702921829156, 0.2369549389978864, -0.0952568080376381], "rotation": [[0.02438064207248767, -0.1798643323488036, 0.9833892445216453], [0.2067513271512689, 0.9633221584505547, 0.17106813776782948], [-0.9780897060154158, 0.19914628037420934, 0.06067360216597127]], "fy": 1058.0510740077812, "fx": 1060.0028132821012}, {"id": 82, "img_name": "frame_00083", "width": 1280, "height": 720, "position": [-3.4267632374725823, 0.2592117191046768, -0.15510422615214858], "rotation": [[0.0457786312022947, -0.17980080248802544, 0.9826372618366885], [0.20580713305832501, 0.9642635741914315, 0.16685078204754772], [-0.9775212227402308, 0.19459555727772265, 0.08114695422636276]], "fy": 1058.0510740077812, "fx": 1060.0028132821012}, {"id": 83, "img_name": "frame_00084", "width": 1280, "height": 720, "position": [-3.4336624045931683, 0.29786929609129853, -0.2641271962831147], "rotation": [[0.0807577411993517, -0.17976960148556126, 0.9803882280087319], [0.2035046432081847, 0.9658553133545038, 0.16034142901191384], [-0.9757376939675376, 0.18656474491874303, 0.1145842420418984]], "fy": 1058.0510740077812, "fx": 1060.0028132821012}, {"id": 84, "img_name": "frame_00085", "width": 1280, "height": 720, "position": [-3.438516337021885, 0.31954186932499384, -0.3590201045285393], "rotation": [[0.10771275626201715, -0.1806191972509486, 0.9776372884269822], [0.20154131089675248, 0.9669075513182643, 0.15643173337189892], [-0.9735394507365678, 0.18018460752278823, 0.14055050719012335]], "fy": 1058.0510740077812, "fx": 1060.0028132821012}, {"id": 85, "img_name": "frame_00086", "width": 1280, "height": 720, "position": [-3.426854795165264, 0.3315630580142386, -0.42182172105493054], "rotation": [[0.12554782124459096, -0.18113277213768983, 0.97541204802814], [0.2000641471146635, 0.9676149215175182, 0.15393407905960804], [-0.9717057587665192, 0.1758188912328909, 0.157720118772522]], "fy": 1058.0510740077812, "fx": 1060.0028132821012}, {"id": 86, "img_name": "frame_00087", "width": 1280, "height": 720, "position": [-3.4153352205132976, 0.3466615545590318, -0.4993894420533022], "rotation": [[0.14744656815707377, -0.18157444368953393, 0.972260371987636], [0.19792057752266876, 0.9685388310384077, 0.15086410362922006], [-0.9690649898390683, 0.1701859399879763, 0.1787450455218671]], "fy": 1058.0510740077812, "fx": 1060.0028132821012}, {"id": 87, "img_name": "frame_00088", "width": 1280, "height": 720, "position": [-3.398419632846152, 0.3691824238043086, -0.5716808928094249], "rotation": [[0.16896686953290366, -0.18234485662877045, 0.9686075315943423], [0.1956642902015463, 0.9693839132627585, 0.1483587349882224], [-0.966005011653758, 0.16445419413445703, 0.1994721421437352]], "fy": 1058.0510740077812, "fx": 1060.0028132821012}, {"id": 88, "img_name": "frame_00089", "width": 1280, "height": 720, "position": [-3.36790374468631, 0.39331777415814834, -0.6443811872781205], "rotation": [[0.1909151043765631, -0.18268321289068593, 0.9644574986223196], [0.19314018422941742, 0.9703139080132089, 0.14556025952148038], [-0.9624179404794527, 0.15848584682573502, 0.2205310504197016]], "fy": 1058.0510740077812, "fx": 1060.0028132821012}, {"id": 89, "img_name": "frame_00090", "width": 1280, "height": 720, "position": [-3.3153478038373696, 0.4151835691324004, -0.736741376216183], "rotation": [[0.21754695107980437, -0.1832623261494044, 0.9586909011199541], [0.18982545096351502, 0.9714044517163726, 0.14261728279599067], [-0.957412984162205, 0.15095797759616006, 0.24611393044217936]], "fy": 1058.0510740077812, "fx": 1060.0028132821012}, {"id": 90, "img_name": "frame_00091", "width": 1280, "height": 720, "position": [-3.2879363917787874, 0.42340673920215666, -0.7936937763932346], "rotation": [[0.23346618535712302, -0.1835058798095499, 0.9548922098174831], [0.1882295712106774, 0.9719843639777191, 0.14076940258690157], [-0.9539723102986992, 0.14687405576939605, 0.2614667147558372]], "fy": 1058.0510740077812, "fx": 1060.0028132821012}, {"id": 91, "img_name": "frame_00092", "width": 1280, "height": 720, "position": [-3.261585374017856, 0.4315008413418254, -0.8682108545423173], "rotation": [[0.2556818857427309, -0.18426621317757527, 0.9490377948133774], [0.18673978969479954, 0.9725932964434136, 0.13852989084697964], [-0.9485541757052064, 0.14180353449237584, 0.2830843219920284]], "fy": 1058.0510740077812, "fx": 1060.0028132821012}, {"id": 92, "img_name": "frame_00093", "width": 1280, "height": 720, "position": [-3.230984364914002, 0.448033600579025, -0.9562660881628112], "rotation": [[0.2840223394198066, -0.18488620382931442, 0.9408232577610341], [0.18589628393681643, 0.9732322426524981, 0.13513538944359316], [-0.9406241982476223, 0.13651407801092985, 0.31078935660000184]], "fy": 1058.0510740077812, "fx": 1060.0028132821012}, {"id": 93, "img_name": "frame_00094", "width": 1280, "height": 720, "position": [-3.2202546885048666, 0.4632523564622036, -1.0120409096055532], "rotation": [[0.3010491214842444, -0.1849678497365368, 0.9354979000603928], [0.18533959389540314, 0.9736505191706142, 0.1328679850584049], [-0.9354243215719003, 0.1333850107119815, 0.3273984995828676]], "fy": 1058.0510740077812, "fx": 1060.0028132821012}, {"id": 94, "img_name": "frame_00095", "width": 1280, "height": 720, "position": [-3.2093556590717514, 0.48760385082466845, -1.0929037452911976], "rotation": [[0.32372373569572627, -0.18456623597308972, 0.9279753485335313], [0.1844868208562088, 0.9742770775796324, 0.12941711259821795], [-0.9279911399779485, 0.12930383073063406, 0.34944665326886565]], "fy": 1058.0510740077812, "fx": 1060.0028132821012}, {"id": 95, "img_name": "frame_00096", "width": 1280, "height": 720, "position": [-3.1990240819385813, 0.5103712969628507, -1.2068180180060537], "rotation": [[0.3515690797314551, -0.18405062750334297, 0.9178913599617352], [0.18343209787722733, 0.9750208109611526, 0.1252480884525419], [-0.9180151674374109, 0.1243373825857782, 0.3765479619471879]], "fy": 1058.0510740077812, "fx": 1060.0028132821012}, {"id": 96, "img_name": "frame_00097", "width": 1280, "height": 720, "position": [-3.1835880681083553, 0.5227233580330495, -1.2976034443553373], "rotation": [[0.37232860244325205, -0.18369635917605168, 0.9097401054301817], [0.18276847561678825, 0.9755345642853064, 0.12218018745030998], [-0.9099269729617704, 0.120780633837302, 0.396793324498396]], "fy": 1058.0510740077812, "fx": 1060.0028132821012}, {"id": 97, "img_name": "frame_00098", "width": 1280, "height": 720, "position": [-3.1633754893385886, 0.5323299410053585, -1.3564613442173625], "rotation": [[0.38575879491806164, -0.18326556385782733, 0.9042145128492667], [0.18252597881950305, 0.9758607414097247, 0.11991697307405963], [-0.9043640965890598, 0.1187836119973418, 0.40989759004111964]], "fy": 1058.0510740077812, "fx": 1060.0028132821012}, {"id": 98, "img_name": "frame_00099", "width": 1280, "height": 720, "position": [-3.128654106068541, 0.5490969687678171, -1.4465347942579732], "rotation": [[0.4066891429145386, -0.1822196661353395, 0.8952094360030852], [0.1827681245660048, 0.9763243991462297, 0.11569995797051538], [-0.8950976224290075, 0.116561832969798, 0.4303644797339316]], "fy": 1058.0510740077812, "fx": 1060.0028132821012}, {"id": 99, "img_name": "frame_00100", "width": 1280, "height": 720, "position": [-3.1000964253069396, 